0 0 0 0 0 0 0 0 0 0 0 0 0 0 0 0 0 0 0 0 0 0 0 0 0 0 0 0 0 0 0 0 0 0 0 0 0 0 0 0 0 0 0 0 0 0 0 0 0 0 0 0 0 0 0 0 0 0 0 0 0 0 0 0 0 0 0 0 0 0 0 0 0 0 0 0 0 0 0 0 0 0 0 0 0 0 0 0 0 0 0 0 0 0 0 0 0 0 0
0 2 20 2 10 8 1 2 4 1 1 1 8 2 1 180 1 1 18 2 6 105 2 1 6 18 1 2 8 9 5 2 2 2 2 30 2 1 1368 1 4 1 28 3 8 1 114 1 28 1 36 9 2 12 1 4 2 12 36 1 1 777 1 2 1 16 1 2 1 144 1 2 3 6 1 90 1 4 6 2 450 1 48 1 8 1 16 2 72 1 64 2 1 3 16 6 1 1 0
0 1 1 1 16 1 24 154 20 2 12 1 2 30 4 1 72 8 4 1 8 1 198 48 1 16 4 12 2 1 45 1 2 36 1 2 12 2 2 2184 4 4 12 800 1 4 7 1 4 1 12 2 1 300 16 1 2 1 16 60 4 10 1 4 340 2 2 36 2 2 30 8 52 3 6 1 16 1 12 1 22 4 27 1 1 6 2 1 2 1 3 44 6 20 1 1 1 1 0
0 24 1 8 1 8 1 2 1 48 1 165 9 1 15 2 2 1 4 2280 1 4 15 1 1 6 1 360 1 8 1 9 1248 6 6 4 6 3 168 1 4 1 24 1 2 780 8 3 8 3 48 1 12 8 1 150 18 2 1 105 1 1 1 4 20 6 384 1 12 1 16 3 24 3 1 4 108 10 2 171 18 2 2 6 6 1 108 9 8 36 1 4 2 20 4 4 3 3 0
0 15 1 2 8 1 10 2 240 9 1 8 6 35 6 1 128 1 96 4 32 6 4 2 96 1 96 6 12 1 12 1 672 1 2 36 16 8 2 18 672 2 2 1 8 1 2 8 1 360 2 108 1 1 168 1 1 162 1 4 6 1 8 576 1 2 1 16 1 2088 2 1 9 12 1 72 6 2 1 76 10 1 1 1 1 576 1 1 1 8 1 42 1 6 1 1 132 8 0
0 1 1 6 1 20 810 1 5 1 18 1 1 30 1 36 64 3 2 1 280 1 4 9 30 24 1 1 1 40 8 1 4 2 280 2 3888 3 1 1 4 75 2 1 12 162 20 1 48 1 1 1 1 1 72 1 48 2 3 1 16 3 300 1 40 2 4 465 12 1 2 2 30 2 3 6 1 1 120 9 1 2 240 45 1 6 1200 4 1 12 16 2 10 8 4 30 1 2 0
0 2 80 1 192 2 1 2 2 1 72 1 72 1 2 90 1 96 2 1 3 400 4 1 1 3 70 2 75 1 2 6 1 672 1 1 3 2 2 2 7 3936 3 8 3 48 1 240 1 2 6 1 1170 3 8 3 2 1 32 8 1 8 2 32 3 312 96 8 2 1 1 140 3 8 1 6 12 2 4 1 120 72 2 2 2772 2 1 36 3 10 1 1 1 4 420 10 1 24 0
0 12 1 14 8 21 2 2 27 63 2 1 6 1 294 1 30 1 24 3 24 1 8 2 4 6 8190 10 1 4 40 21 18 1 8 675 18 1 2 18 60 1 4 1 280 3 4 1 3 140 18 3 2 16695 1 4 12 18 1 2 189 25 1 1 2 8 30 2 1 189 70 1 336 1 14 6 616 1 40 2 12 2 1 3 2 1 24 1 360 4 4 4 2 20 2 3 1 1 0
0 2 1 48 1 2 45 1 1 12 1 880 24 2 1 96 1 16 1 80 1 1 9 736 256 1 6 1 4 6 3 1 1 6 1 1 2 312 1 1 32 2 29568 8 1 18 2 4 84 1 12 1 4 154 1 720 2 1 4 2 10640 42 2 128 1 4 1 216 40 1 4 2 1 1008 1 1 594 16 1 36 1 16 2 640 2 16 1 576 1 1728 1 2 10 2 1 6 1 40 0
0 12 1 3 2 5 1 24 4 1 1620 2 28 1 2 9 2 1 12 35 6 1 1 3 20 1 8 2 1008 1 216 4 1 3 216 12 1 108 6 14040 4 1 4 1 1080 1 1 3 864 1 4 1 432 1 72 8 54 1845 6 1 2 1 4 1 48 2 243 1 30 4 1 36 1 5 72 810 1 3780 8 3 18 1 96 1 24 5 1 3 1 1 1152 12 1 120 2 6 10 1 0
0 2 20 4 2 15 1 2 9 1350 1 1 6 2 150 8 6 4 6 4 400 30 1 4 216 144 1 2 1 72 1 6 3 450 2 1 36 1 270 1 1 24 25 48 1 1 30 33840 1 6 12 40 1 120 1 6 1 2 6 2520 4 1 20 4 10 4 2240 4 1 6 36 2 1 12 2 32 12 2 1 16 1 16 8 1 1 6 1440 8 36 2 1 1 288 2 8 1 4 1 0
0 1 64 2 1 2 24 4 64 4 2 6 144 99 1 1 6 1 2376 1 2 63 54 1 4 1 16 1 56 44 1 66 4224 1 4620 1 1 36 1 4 192 3 2 1 6 9 1 2 32 3300 1 1 48 2 70 8 2 24 1 10 4 308 88 1 2 1 256 33 1 8 8 8 1 4 1 18 1 1 2420 2 1 9 2 1 12 2310 1 1 6 1 800 3 1 1 8 750 1 6 0
0 36 7 4 24 1 10 3 1 1 36 20 1 1 6 1 2 3060 4 4 72 1 8 72 2 4 180 27 1 2 4320 4 1 360 1 1008 2 1 36 4 1 288 1 4 1 720 2 32 1 4 60 144 1 1 12 1 48 1 4 1 2 1 2 28 384 24 1 648 72 2 8064 1 1 90 8 1 8 2 104 84 432 2 64 8 1 12 88 8 1 24 2 1 24 4 1 6 2 44 0
0 15 1 1 3 24 5 22 1 189 1 8 3 1 4 3 14 7 1 1 36 1 2 1 63 1 4 2106 2 48 6 1 8 64 2 1 24 32 1 1 12 369 2 2 48 1 2 1 32 1 54 3 2 2 8 2 90 2 48 81 2 8 30 78 3 12 10 28 1 1 1 8775 54 1 1 2 120 24 1 6 1 1170 1 4290 16 6 1 1 48 1 80 2 1 24 2288 8 2 9 0
0 1 20 36 8 1 4 2 6 36 1 1 6 72 1 8 3 3 2 1596 2 60 4 24 56 12 1 1 9 2 2 189 1 6 135 16 1 12 3192 4 1 54 1 2 15 1 1 8 1 10 180 1 2 1 24 1 1 135 1 2 2 1 6 1 1 9 135 1 4 126 1 4 3276 2 6 75 2 1 4 16 360 3 20 4 2 1 4 72 16 8 1 10 9240 5 1 1 1 1 0
0 4 1 8 1 100 1 4 1 90 72 1 1 3 420 1 120 2 280 12 1 1 9 1 1 2625 270 2 360 3 1 1 256 2 8 1 16 1 4 1 2160 1 10 1 24 18900 2 1 18 180 2 1 270 7 270 8 8 9225 150 2 14 64 24 2 8 1 8 1 12 256 45 1 4 1440 1 4830 8 2 24 6 1 4 3360 90 14 2 2 1 18 1 4 252 1 36 8 1 90 1 0
0 9 1 1 108 1 96 192 4 6 4 3 9 12 14 400 2 1 12 1 200 2 64 2 4 12 1 6 56 3 384 2 4 1 16 1 1 6 96 1 4 24 4032 1 480 4 4 96 6 8 4 16 2 3584 1 1 1 24 1 18 29792 2 2 18 136 1 84 27 1 1 16 14 5 1 1 1 1 15 28 1 672 1 8 2 1 4 2304 4 1 12 1 4 24 1680 2 1 3 12 0
0 8 1 24 1 4 18 2 1 36 1 8 18 3 56 1 8 50 1 54 1 4 24 6 24 6 1 2754 4 1 1 12 24 45 2 1 47124 6 1 240 1 2 1 2 30 1 1 44 2 24 1 1 6 1 4 1224 2 2 6 1 2 30192 1 2 108 8 2 1 544 2 2 12 72 2 5712 4 108 1 1 4 1 15 540 1 22 6 1 3740 2 8 6 1 1 12 336 16 8 1 0
0 1 1 3 28 90 6 18 2 2 162 20 33264 1 6 8 1 9 48 1 72 1 1 1 1 1 252 2 560 2 6 2 20 1 4 36 1 180 47880 1 30 16 1 8 1 360 1 6 1 1 10 24 420 2 144 1 40 1 8 2 32 1 720 1260 10 1 6 1 2 150 1 800 1 12 2 1 15840 9 6 8 2 100 3 15 1 72 20 1 1440 1 30 6 48 4 1 1 1 16 0
0 1 32 456 1 8 1 4 16 80 12 1 2 2 392 1 180 2 2 12 2 3300 4 5 8 2 8 1 2 3 2 1 192 2 10 5320 16 1 6 1368 6 1 225 1 24 6 1 60 4 72 25 1 2 1 2 60 114 6 1 3591 1 2 1 8 1 36 532 6 1140 1 4 6 6 1 6 24 2 17955 1 112 1 16 2 1 6 416 4 4 15 2 1 4 1 600 4 2 8 1 0
0 3 1 2 1 120 4 1 2 2 1 3080 18 9 4 2 2 1 70 36 1 6 1 720 1 36 1 4 30 2320 2 3 1 48 3 2 1 64 3 1 1 12300 2 1 4 1 2000 1 1 3 2240 36 1 4 1 6 1 175 300 1 12 30 1 200 2 24 1 14 150 2 64 1 312 8 2 20 1 8 2 1 1080 2 1 60 1 1 1 1 16 180 2 16 1 2 90 1 720 4 0
0 4 18 1 6 12 1 126 2 40 1 6 1 2 10 2625 8 3 1 1 3780 1 32 1 32 1 54 1 2 54 3 8 4032 6 3 108 2 1 6 160 1 1 18 1 900 2 4 2 8 1 4 1 4 1 300 1 400 1 2 126 1 8 12 1 10 3 80 84 240 6 2 2 9 2 1 2 12 1 18 4 1 864 12 1 36 1 2 216 2 1 1008 1 3 36 1 280 1 8 0
0 2 1 18 1 2 48 1 3696 1 3 36 2 1 2 12 5 60 8 1 600 1 1 12 4 700 2 10 2 4 59400 1 1 1 1 5 1 14 6 1 6 6 1 40 3 7920 1 12 12 38808 2 2 1 48 2 1 10 24 2 1 2 4 1 84 1 2 2 1 8 1 98 8 26312 2 5 483 1 1 60 1 8 1 2 1 32 3 1 1 936 4 1 924 48 25 2 1 1 3 0
0 4 1 540 4 8 1 4 10 24 1 176 1 12 8 1 4 1 1 72 1 56 24 1 24 1 1 21735 10 2 10 4 120 1 1 48 4 138 20 1 30360 36 1 2 144 1 3 36 1 12 1 1012 276 1 4 12 1 1 1932 2 17480 1 70 3 1 2 36 4 1 32683 1 4 1 8 1 24 45 1 1 12236 126 4 12 15 1 2 720 1 2 276 48 3 1 1 192 2 12 1 0
0 1 576 6 1 48 24 6552 1 6 3528 1 24 4 1 1 1 14 4 7 1 1 3 4 1 4 3510 2 1 19488 1 1 3 24 3 6 294 1 8 1 4 1 60 288 1 720 2 2 720 1 48 1 2 86400 1 280 6 4 1 27 2 2 21 108 1 24 1 2 81 2 2 6 108 1 9216 2 1 630 10 1 6 1 1 198 144 1 8 72 24 1 4 112 4 1 8 9 1 1 0
0 4 6 1 108 1 2 3 128 2 10 132 2 8 4 6 4 36 1 6 6 1 16500 1 64 3 4 1 4200 1 12 150 4 300 56 1 12 2 8 5850 8 4 1 2 8 24 600 1 1 6 4 20 4416 1 4 6 1 25 12 1 4 600 3 1 4 4 40 32 2 40 12 10800 4 2 3 3 1 2 1500 2 80 12 1 1 20 48 1 2 1 20 1 2 14700 1 8 1 40 8 0
0 4 2 1 2 4 48 1 1 1 4 231 1 2 588 1 8 1 936 832 12 1 1 208 1 64 1 24 1 32 1 558 1 2 3 2 5 108 1 195 12 3 1664 4 1 2 36 2 2 45 4368 1 1 1 60 1 1 5096 6 6 1 1 6 1 61880 12 1 1 1 2 1 54 1 1 3 46046 112 2 12 3 1 1 288 2 8736 1 4 18 2 2 99 70 1 1 12 1 1 1 0
0 648 1 80 2 24 1 4 2 12 2 1 6 48 1 18 1 2 3 2 60 1 1 3105 1 2 6 1 40 2 1 4 16 1782 54 567 4 1 486 4 1 2430 1 2 18 1 1 12 18 2 1 240 1 12 1296 1 20 9 24 3 8 2 38880 36 2 1 24 10 24 2 4 1 825 36 1 12 4 5670 45 36 1 4 9 4050 1 192 1 4 1 192 1 4 2 216 432 6 2 486 0
0 1 48 1 112 4 3024 3 3 1 2 2 1 1 8 1680 36 504 8 1 72 1 12 575 1 16 1 20 10 4 12 1 4 1 2 1 4 2 2 1 7600 4 1 8 1 8 2 6 1 1 100 2 1 2 1 80 1 4 2 21280 3 2 1 3 1 4 3 13888 3 1 2 6 4 1 273 1 1 30 8 1 6 4 1 1 1 16 64 28028 126 4 1 9 24 1 4 588 1 2 0
0 56 6 6 1 24 1 2 112 522 1 24 396 2 5 1 1 6 1 120 1 12 1 4 96 1 4524 2 1 6 2 12586 1 12 30 1 1 435 56 12 1 1 36 1 4 196 4 8178 174 1 24 12267 4 4 84 5 8 1 4 1 240 2 1 6 36 1 1 3 109620 4 58 48 1 6 1 1 6 1260 6 2 1 696 2 120 6 1 2 12 4 1 162 1 1 120 1 24 54 3 0
0 3 2 1 480 1 96 36 2 2 20 2 24 780 3 12 4 1 48 1 21600 7 10 6 360 8 1 21 8 1 4 1 24 2 1 12 5 1 1 2 1 123 75600 90 1 1 62400 1 12 8 1 3 30 1 36 6 1 72 315 12 1 60 6 1 36 4 2 1674 2 14 3 1 24 4410 4 1 2 8 1 42 45360 2 8 1 448 1 4 6 1 4 1 2 2 12 8 6 2 2 0
0 1 36 2 2 3255 6 1 120 1 126 1 2 156 1 14 1 6 3 1 2 72 4092 1 44 1 12 2 3 8 100440 50 1 8 1 6 10 2 8 90 3 7626 2 310 48 1 6 32 500 18 1 20 1 14 2 2 3100 1 1 1 48 1 1 24 1 124 6200 1 2 6 38192 108 1 4 27 4 4 36 2 12 4 1 744 60 2 1 24 3 9 1 1 270 2 1 96 1 8 1 0
0 3 1 96 66 2 1 4 1 135 1 4 6 4 2 150 384 1 8 12 8 96 4 2 2 16800 2 3 1 1 12 1 8192 72 3 2 288 1 2 24960 12 1 1 40 3 1 1 3 35 576 1 18 2 4 6720 1 4 1 4 2 1 224 11520 1120 2 2 1 8 90 2 1 2 8 1 2304 1 2 2 30 2 1 63 1 2 252 5 6 3 12 1 3 1 224 45 1 4 384 3 0
0 2 2 192 2 24 2 9 4 4 2 16335 2 1 210 15 1 3 1 2 162 1 2 1380 4 4 1 144342 8 4 1 12 16 1 56 1 18 2 128 1 10560 1 16 1 2376 48 1 8 1 16 198 8 16 1 10 924 396 3 6 297 231 10 1 2310 1 528 1 120 1 8 1 14256 1 12 1 84 4356 1 1 18 9 4 2 24 2 2640 1 2 1 20196 1 6 1 1 90 120 1 30 0
0 1 24 1 2 1 480 2 1 1 5440 1 8 45 1 4 1 2 4896 96 1 1 96 1 4 1 72 1 39984 1 32 1 1 1 60 7 1 15 2 8 3 246 1 112 12 1 96 1 1 3 42 1 340 1700 3 1 3 4 1 4 42 2 6 1050 40 1 12 1 2 11832 3 2 4 3 60 4 1 2520 2 4 4 1 18 2 1 12 1 2 2 84 1 2 4 1 10 1 84 1 0
0 3 420 2 120 4 2 1 24 300 1 30 1 2 36 1 480 1 2 1 4 2940 3 2 2 192 4 1 4 864 1 1 6 6 1 35 40320 6 1 2 80 6 2 1 1 2 2 1296 3 1 3 2256 3 20 2 18 1 1 500 1 6 2 1 350 1 8 4 24 2 2 1 160 9 1 1 9 1 1 27 1 2 35700 1 4 90 8 140 77 30 2 72 2 2 18 12 1 8 2 0
0 70 4 1 6 1 15 18 4 1 160 2 48 1 1 108 1 16 324 2 1 18 2 96 1 4 1 6 1 1 42 6510 2 1 18 5 20 1 12 4 1 246 1 8 72 2160 1 2 1 1 70 2 1 8 1 1 1 2592 1 90 1 24 4 1 55080 1 30 1 1 120 15 1 2 2 4320 12 3 4 81 13680 18 2 1 36 1 2 3 44 40 1 6 1 1 12 1 1 3 8 0
0 2 1 8 1 20 1 1092 1 8 60 1 4 54 2 2 18 6290 2 6 4 2 40 1 8 2 21164 1 20 1 4 1 2 105 6 2 1 35594 1 330 24 1 32 1 8 1 224 2 5 4 594 1 2 2 6 2 336 1 16 2 1 2 90 735 1 20 5 2 10 6 1 160 1 518 24 46 10 1 4 3 1 15 6 24 4 3 6 99 1 24 33 24 6 90 2 40 54 1 0
0 2 72 30 1 504 2 2 27 1 2 770 1 12 24 1 2 2 1 25992 3 2 1 6 5 2 1 10 6 2 1 72 36 1 2 36 1 148 4 4 1 164 2 144 1 8 1 48 1 1 1 36 6 1 100 12 1 8 1 20 6 900 1 32 14 1 8 4712 108 1 2 6 528 1 288 1 1 108 1 1 72 1 1 45 2 1 144 1 16 1 1 3 1 2 9 2 8 2508 0
0 3 1 4 64 1 80 1 4 2 240 1 4 60 1 2 6 34 6 1 36 9 12 1 2 12 416 6 1 2 256 1 1 1 144 1 6 48 3 1 1 246 1 20 6 6 2 1 1260 1 8 1 140 75 1 1 30 60 4 144 1 2 1 4 4 12 3 496 1 1 192 2 1 12 4 2 12 1 12480 1 1 6 512 1 16 6 1 1 12 1 1 630 2 1 1 1 5 2 0
0 2 24 1 2 2 1 4 6 135 2 1 7680 1 4 1 640 11 6 1 20 1 16 40 1 4000 6 1 48 2 4 1 48 24 1 4 108 1 4 2457 9 1 48 1 1 1 1400 12 1 1 360 4 1 2 16 175 4 1 6 2 2660 12 6 20 1 12 1 1 30 20 1 18 4 1 30 3680 6 2 8 8 1 6 960 1 8960 6 2 9 32 1 24 2 9600 18 1 8 18 1 0
0 2 1 48 16 1 24 8 2624 7 2 12 1 4 1 10 240 1 2 54 1 6 1 2 5 6 416 8 224 1 8 9 6560 82 2 492 2 4 1845 1 1 3 1 120 6 160 1 1 6 72 1 48 1 12 1 48 1 12 1 1 15 2 1 12 1 1 1 576 2 4756 2 120 2 4 1 4 36080 6 2 150 3 408 3 1 1 6 1 60 2 56 1 6 2 1 60 1 224 6 0
0 6 48 2 2 108 6 1 3136 3 6 3 24 2 4 22680 1 6 1 128 6 108 1 12 33 6 1 1 24 4 4 1 96 792 56 1 1 1 4 4 1 960 2 10 2 1 2 2 5 16 1 12 12 1 90 8 6 1 4 24 8 1 20 280 1 40 96 2 1 3 3696 2 1 4 2 20 1 96 1 2 144 1 128 4 24 1 192 2 1 18 12 8 1 30 396 15 1 4 0
0 1 2 24 1 1 3 16 4 1 2000 1 2 1 160 40 6 1 324 20 1 1 1 4 36 1 8 1 8 1 6450 1 1 12 1 30 120 48 1 360 12 1 6 1 4 1 4 1 12 840 18 1 2 1 4 1 6 16 1 1 1 120 14 1 24 4 1 6 36 1218 3 1 2 18 2160 1 20 2 2 16 1 20 1 1290 1 60 48 1 8 2 1 2 24 2 1 1890 4 1 0
0 1 12 18 3 4 1 8 1 2 2 1 96 275 1 12 1 1 1080 1 4 6 4 2 24 800 4 1 6 176 1440 6 4 1 12 2 1 9 288 4 1 6 1 6 576 3 8 540 1 8 1 176 4 100 2 12 90 1 4 42 42 1 1 2100 2 1 4 3 2 1 2 48 6 56 1 144 1 99792 4 1 6 8 10 45 4 1 2 2 880 6 1408 60 1 6 48 1 2 324 0
0 27 1 1 80 30 3 28 2 18 3 462 1 6 1 1 6 324 1 8 700 318 1 240 9 1 1 288 672 6 1 2 9 1386 2 1 2 1 10 1 280 1 540 1 4 48 40 1 48 1 1 1 1 1 168 3 1 1 6 1 24 28 8 3 324 2 4 2 16 2 2160 1215 20 1 2 2 64 4 1 4 72 11 2 4 3 14 2 1 8 1 2 1 990 2 1 18 1 4 0
0 2 1 60 2 1 3 20 135 1 1 99 16 1 3 4 4320 3 48 1 2 1 36 4 1 2400 2 4 1 2 6 360 480 2 8 162 12 1 144 2 2 1 24 1 2 3 32 4 1 4 192 1 28 2 84 2 4 3 4 18 2 1 6 2 2 36 4 1 3220 24 7 108 1 1600 45 1 1 3 1 125 15 18 1 1 36 5980 3 54 8 1 4 2898 2 1 4 12 8 1 0
0 1 264 3 12 1 336 1 2 8 4 1 2 28 8 1 18 2 1 456 1 24 1 1 1 175 36 8 4 24534 1 6 3 48 1 4 1 12 5 48 10 20 3 144 2 1 54 1 2 2 1 12 36 2 1 54 3 4 6 2 1 24 216 1 28 2 1 9 2 1 8 1 20 2 1 4 2 10 671160 1 4 1 6 900 1 2 64 2 1 9 60 10 1 35955 1 18 1 4 0
0 192 9 48 2 3 3 1 25 3888 6 1 156 1 268800 18 1 1 24 3 24 2 6336 6 24000 1 6 6 1 75 1 1 512 2 4 16 160 1 2 5 1 2 1 2 256 1 1 1 252 1 12 1 1 3 2 63 1 12 2 1 4 1 2 18 378 1 36 140 1 2 2 378 4 1 8 1 6 2 1 36 1 16 24 1 208 234 4 1 24 18 1 2 288 1 32 1 56 4 0
0 1 6 1 1 20 120 4 1 2 8 45 10 24 1 1 6 168 6 1 1 3 1 1 96 4 2912 1 8 1 12 2 12 42 1 2 504 6 6 36 1 160 1 8 1 32 1 20 4 2 1 4 56 20 3 6 1 320 2 6 8 240 2 4 1 36 2 1 18 6 1 1080 1 42 36 10 2112 75 4 2 54 3 160 8 1 12 1 30 50 4 12 1 1 40 1 8 1 16 0
0 20 2 16 40 180 3 1 12 40 1 8 1 2 60 1 24 2 1 4 80 4 16 1 1 1 104 1 1 18 2160 9 2 1 3000 8 1 39 24 1 4 1 16 1 24 3 6 1 2 35 64 2 2 1 16 2 24 1 400 1 2 3 144 2 180 3 2 4 1 1740 2 1 60 2 240 3 1 1 36 1 1 1 64 1 280 1 12 2 2 2295 1 4 12 2 1 126 12 3 0
0 20 1 8 1 4 36 10 1 7614 80 1 4 1 2 1620 5 550 3 3 6 1 330 1071 4 6 66 36 144 1 8 1 6 1056 3 1 2 200 4 2 16 2 60 48 2 1 6 4 8 1 1 1 48 1 1 1 48 4 6 7 168 3 2 1 12 1 3060 2 300 29 2 4 2 1 2 224 12 1 1 80 1 1 3 48 1 1 86292 6 1 4 12 1 2 105 1 6 4 1 0
0 1 6 1 1 10 66 28 1 4 1 72 5 36 1 4 17664 1 48 1 168 2 4 1 24 2 1 2 1 2 6 74152 120 1 8 4140 9 1 2 27 100 36 1 1 128 6 1 1 48 2 4 12 1 1 48 12 1 1 1 120 1 252 48 10 2 1 2 1 1260 2 1 18 8 8 144 2 1 36 1 55 15 96 4 90 6 15 8 1 24 1 1840 12 96 1 16 3 2 1 0
0 1 10 3 24 1 2 84 20 1 7200 2 2 1 48 1 6 6 1 108 1 48 110 2 6 1 2 216 4 7830 27 4 1 168 1 1 18 2 8 1 70 2 12 1 2 36 4 108 1 8 1 1 1 96 3 12 1 320 1 6 2 6 1 8 2 48 4 960 3 18 8 4860 2 1 6 828 4 1 48 1 12 1 1 18 1 16 1 8 1 486 4 1 4 1 88 6 12 144 0
0 1 6 720 2 4 72 1 2 216 2 1 2 8 1 135 4 1 1440 6 2 1 16 1 8 8000 90 1 1 9 1 1 60 8 8 4 1 4 1824 3 1 1 96 1 4 4 1 2 48 1 96 2 9 1 1 3 504 1 180 1 2 1 2 1400 3 8 1 9 2 1 196 4 1 4 1 4 1 175 1 2 6 1 1600 3 4 1 18 15 20 1 1 6 240 6 1 6 1 6 0
0 35 1 1 1 240 1 4 189 5 8 1980 1 308 84 2 8 1 4 1 3360 1 2 3 1 1 12 486 6 1 6 54 1 2 1530 1 8 1 4 120 6 2 2 648 2 1 18 6 1 300 1 484 1 112 1 4 1 8 10 1 1680 2 1 9 6 1 4 9 2 2 12040 12 2 1 96 1 11352 30 8 3 24 6 2 54 70 12 4 1 84 1 20 1134 1 20 2 24 4 1 0
0 14 1 4 2 24 1 18 63 1 1 3 1 1 6 1 1 680 32 2 14 3 36960 1 100 1 3 1 1 30 360 1 12 3 32 4 224 100 1 4 1 96 1 1 64 2 52 1 8 1 24 1 28 1 64 168 1 2 1 120 1 12 336 1 4 2 2520 1 6 10962 2 1 13104 231 1 4 1 48 3 1 1 3 1 12 6468 1 1 1 4 135 8 1 2 10 1 1 3 2 0
0 1 36 1 42 1 6 28 2 1 8 20 10 16 6 25830 2 2 1 4 1 8 126 1 1 90 4 4 1 2 90 8 1 240 1 20 2 1 3690 6 1 1 18 1 12 72 1 2 12 2 4 2 20 2 21 1 2 600 1 10 1 1 1 1 56 1 16 50840 1 16 2 32 3 1 1 2208 32 3 8 1 200 2 36 1 1 23985 27 18 6 90 1 16 12 1 112 2 64 3 0
0 80 110 4 144 2 8 15 8 1 30 2 1 12 1 15 2 8 4 48640 1 2 2 644 1 4 1 72 3 12 7200 1 1 9 8 2 1440 1 4 27 50 2 288 24 2 1 4 36 48 1 1 3 468 1 2 2 2 40 1 8 1 162 6 160 1 8 1 8 36000 18 1 1 6 1 12 1 4 1 297 6 1 144 1 90 36 1 1 2 2 1 4 42 1 16 1 2 24 1 0
0 6 3 60 1 252 2 2 8 1 1 6 210 1 4 810 1 6 2 1 12 12 1 46 3 140 10 1 96 2 1 6 20 1 4 1 4 12 1 156 4 60 2 1 72 1 96 1 4 2 54 10 1 396 1 2 1 2 8 1 28 1 4 1 6732 30 1 6 1 2 780 6 78 3 16 2 4 1 56 7 16 3 390 60 4 1 12 1 2 36 2 1 10530 1 12 24 20 2 0
0 2 1 4 1 2 24 1 16 10 4 1 24 1 12 1 640 2 1800 1 2 15 6 1748 4 4 2 28 1 2 6 6 1 4 952 4 1 2 24 2 2 294 4 10 1 6 3 2 252 25 14 2 2 24 1 2 2 21 240 2 2 4 1 1 3 16 3 40 4 6 1 4 260 2 9 1 2 2205 1 18 2 1 3 12 1 6 27 792 12 1 30 2 1 600 1 4 1 4 0
0 1 2 30 3 110 1 8 6 1 5920 2 364 8 540 2 10 3 1 1 3 10 1 27 120 100 1 4 4 1776 4 1 27 4884 111 1 24 60 1 64 1 2 3 48 48 16 1 6 8 2 168 1 120 1 2 1 56 259 2 30 96 21 30 1 680 4 2 2 1 580 4 1 2 1 1 4 560 1 24 2 288 2 72 1 6 32 1 3 1 16 1 13986 48 2 1 36 1 592 0
0 3 12 1 48 1 8 1 32 2 2 75 1 2 1 2 40 952 1 16 1 2 2 2 528 1 10296 10 1 24 2 1 57600 18 1 2 6 1800 12 1 6 8 2 6 6 1 1 1620 1 1 1 8 2 450 2 4 1 4 1260 3 16 1 1 24 16 515592 1 64 2 16 1 24 6 14400 1 1 2 24 4 1 2 19584 1 4 144 1 2 2 56 90 8 7 1 40 3 6 3 1 0
0 1 80 4 8 2 220 15 6 45 8 2 4 4 30 4 3 1 1 5 1280 2 1260 1 2 5250 4 1 72 1 360 9 1 6 6 24 2 1 2 18 3000 1 1 36 1 4452 3 18 1 16 1 8 1 1 1 4 90 1 12 1 4 2 96 1 24 1 8 1 1620 1 64 1 2 1 1680 4830 3 2 1 132 30 4 1 180 1 8 6 1 6 1 6 210 12 1 2 1 240 4 0
0 1 8 2 1 2 32 1 2 1 20 1 144 2 1 120 2 46240 1 2 27 1 1 9 54 2 1 1836 102 2 1 54 12 1 30 3 6 1 2 15 2 2 102816 2 2 12 2 6 1 1 9 15 4 2 3264 11696 1 6 1 1 6 111 1 8 1 12 1 4 360 2 1 2 1 4 1 4 8 1 30 2 3 1 1 7650 56 1 4 8 272 54 1 20 3 4 105 45 4 1 0
0 6 264 4 144 36 1 2 16 1 60 1320 1 48 6 1 2 12 14850 2 1 60 1 3300 3 4 9 252 2 1 2 2 1 2 340 1 16 6 8 780 8 1 2 1 240 2 1 72 16 660 576 6 5 1 4 1 2 18 2 16 12 3 8 2 1 6 768 1 1 3 16 1 468 1 6 1 2 18 4 1 2 2 432 1 4 1248 3 1 1 72 3 1 1 12 2 2 1 16 0
0 2 1 120 6 2 4 36 72 9 3 1 4 2 560 4 16 1 16 624 1 1 36 1 2 900 1 2 6 104 3 868 2 6 2 2 1 6 14 2496 2 24 2 1536 1 8 2 9 4 1 14 968 25 16 8 2 12 20 84 2 1 6 1760 8 5440 1 1 12 1 1280 8 256 832 44 30 2 40 1 448 114 1 96 4 12 1 2 216 66 2 1 30 1 1 6 1 15 6 1 0
0 9 32 1 8 1 32 1 18 2 1 4092 5 4 1 1 1 252 1 24 1280 32 1 8 1 36 2 1 16 1 7440 1 558 2 1 30 6 32 1 4 1 12710 4 1 8 1 160 4 1 8 1 620 4 180 1 48 1 4 1 11160 1 1 12 4340 272 4 2 180 1 1 3 48 1 20 2 20 1 3528 1 8 3 2 1 496 24 2 1 16 3 1674 2 1 12 1 1860 4 2 12 0
0 2 1 540 1 6 150 1 1 30 1 20 5040 3 24 216 1 32 2 2 1 8 5 72 15 2 18 12 504 1 8 3720 1 840 2 18 2 6 24 60 60000 1 8 2 12 4 8 1 12 1 5400 1 2 1 32 1 12600 4 1 4 3 38850 9 1 8 23760 1 1 24 1 4 1 1680 6 1 1 48 1 2 18 2700 4 4 12 3 12 2 4 1 32 12 1 1 160 16 3 1 1 0
0 3 1 1 1392 48 1 270 2 4 4 6 1 36946 8 1 6 9 24 3 12760 1 10 48 3 1 1 8 1 15 1 198 2 8 60 4 2 1 2 30 1 8 1 2 10208 1 26 116 108 2 10 8 1 2 1 280 2 1 12 64 105792 8 1 32 1 4 22272 2 3 18 5 540 15 1 8 1 2 24 1 12 3 1 1 6 1 144 9 1276 1 4 1 80 240 8 1 10 580 1 0
0 6 1 8 2 2 672 1 64 1 60 1 2 1 8 1 960 1 504 1 4 8 1 4 1 25200 24 1 4 1 4 1 144 1 9520 2 120 2 4 4 1 420 30 10 1 315 56 1 280 1 4 36 1 18900 4 1 8 6 1 2 84 3 1 1 12 80 2 97216 1 28 3 2 1 12 40 1 924 2 1 38 4 2 4 448 1 12 1 3 144 4 320 1 6 2 1 420 2 60 0
0 8 8 36 1 4 12 2 2 12 240 2 1 18 24 810 5 2 1 4 1 48 4 192 1 1 3 8 3 1 2 96 1 1 3 5670 1 64 2 1 18 2 10 1 20 8505 1 4 6 2 2 5 113022 2 42 20 1 180 4 5 3 324 144 1 1 1 1 20 1 1 3 24 1 1 900 8 2 648 40 3078 1 30 2 1 13230 1 6 1 1 3 1 2 54 1 2 54 1 1 0
0 1 24 1 6 5720 3 12 1 4368 3 16 16 1 1 3 8 24 2 3 18 630 1 30 6 1 4160 8 16 3 140 1 1 9 8 1 2 962 64 45 1 1 24 2 1 2 160 1 24 1 32 1 4 1 208 2 144 2 3 1 1 3 144 1 120 2 2 3 42120 312 2 4 12 8 1 1242 1 6 18 1 2 3744 42 20 1 4056 9 1 8 756 16 1 4 3 64 1 8 2 0
0 12 1 6 21 2 1 12 3 50 2 2 192 1 1 6 9600 1 36 2 1 9 2 1 39600 15 1 1 1 1 90 4 3 180 3 72 5 1 1 1 4 72 1 6 6 64 2 600 1 4 6 2 4 2385 1 1 6 1 4200 1 4 120 1 16 1 10 160 4 14 6 2 1 36 1 4 175 66 2 1 252 1 1 9 1 4 3 35 24 1 1 3 2500 1 120 32 3 4 1 0
0 4 2 36 1 8 1 840 288 2 1 24 1 10 2016 144 2 2352 1 2 2 16 50 2 168 4 4 5832 72 5 2 3 784 3 1 1 6912 8 16 2 2880 2 14 2 1 4 1 10 1 126 120 2 120 2 16 6 2 90 1 3 13680 3 48 1 4 1 16 1 288 1 48 75 2 4 1 1 2640 1 16 1 48 1 1080 1 24 1 9216 1 112 1 64 1 36 1 12 2 16 4 0
0 1 1 18 1 1 2760 2 1 2 48 1 2 312 1 2 1 28 4 3 3360 3 1 1 3 2 1 56 1 72 1 3906 1 10 1 1 3 1 28 6 1 1 4830 1035 2 1 2 36 120 1 24 1 1 2 1 2 4416 7 1 1 1 2 1 96 50048 2 4 1 4 180 1 108 1 1 3 6 1 120 2 32 1 180 3 1 1 3 115 18 1 12 6 10 216 10 1 1 1 20 0
0 162 2 2 1 48 3 252 6 2 3 110 6 1 12 1 60 1 24 4 1 12 3 4 72 350 18304 1 4 1 24 1 16 3 96 66 4 4 16720 1 24 30 5 1 240 9 1 2 660 4 1 72 1 264 4 616 1 88 264 7 4 1 12672 1 8 1 24 3 1 2 1 2 72 2 31680 1 32 10 1 1 3 2 30 1 336 4 1 54 4 1 18 1 4 990 2 30 4 1 0
0 1 10 189 72 3 1 1 3 1 60 4 252 2 6 90 4 1 6 1 60 2 1 14490 1 15 1 2 14112 4 5 2 3 2 1 15 48 1 42 80 1 12 1 96 3 40 920 1 2 18 108 8 1 1 2 1 70 2 1 58968 3 168 1 60 1 2 60 21 6 2 27 6 1 11550 1 4 48 1 2 2 1296 1 2 45 1 2 108 1 4 12 3 1 1 6 3 648 1 2 0
0 2 192 8 1 4 2 16 1 24 80 1 2 45 3 1 1 12 48 6 1 12600 1 120 2 1 120 1 16 1 3000 180 2 1 36 1 1 2160 2 2 3 6 4 1 3 32 3680 2 4 2 80 40 3680 4 126 4 1 8 4 1 4 16 1 18 2 40 1 16 1 8 1 2160 24 4 1 2415 3 8 54 1 2 180 1 44 1 840 1 48 1 2 400 3 720 1 6 9 1 6 0
0 513 3 1 2 36 4 3 6 1 50 8 1 4 2 30 6 12 3078 13 152 1 160 1 12 2 1 40 2 28652 4 5 1 6840 1 2 1 4 1 10 1 1 1 1 11 2 1 2 315 1 1 2 1 10 3 798 2 216 1 32 1 2 3 18 12 627 72 1 1 1 8 15 1 1 36 1 1 3 384 114 88 1 3040 1 6 6 12 2 2 441 1 2 1 20 1 4 10 1 0
0 1 72 9 504 1 12 1 240 2 1080 1 2 3 12 2 36 2 1 1026 10 1 30 4 1 2 8 450 2 1 6 1 20 3 2448 3 96 1 4 18 2 12 4 18 2304 2 2 2 24 6 60 2 16 150 2 6 4 1 120 1 216 2 40 2 4 2 1 540 48 2 4536 1 8 9 6912 12 1 120 1 4 1 48 1 4 60 4 1 1 3 1944 2 40 1 128 6 2 1 40 0
0 22 1 20 1 4 1 2 10 1 4 1496 20 120 2 1 6 1 320 1 2 36 1 2 24 1 16 3 2 6 2 6 26656 2 1 102 1 6 32 56 3 3570 45 1 16 1 4 1 8 2 2 108 1 4 1 16 1 32 1 4 1 1 12852 2 1 72 1 4 2 48 12 1 1 9 6 2 168 2 136 1 1224 1 192 1 4 2 16 3 420 18 1 1 54 1 32 136 2 2 0
0 1 24 1 1 4800 2 6 9 4 1 144 1 1 12 45 2 175 1 12 1 1 4224 8 120 18 2 1 192 15 1 1 1 4 15 2 216 4 1 3 24 1 672 1 1 45 320 12 2 1 8 240 1 2 36 1 8 2 2 16 6 32 1 576 96 1 5120 24 1 1 6 1 2496 1 16 1 2 1 24 1 224 8 1 4 1 24 1 42 160 1 24 36 1 3 1 1 160 96 0
0 4 1 540 3 3 63 2520 1 2 72 2 1 780 1 4 45 4 2 54 3 200 3 1 1 7875 4 2 60 1 64 2 4 675 2 1 1620 1 2 12 1 28 1 1800 2 4 2 1 30 180 2 14 3 1 1 360 1 1 840 1 1 1 48 6 2 6 168 1 6 24 24 1 2 4 1 30 180 3780 1 4 2 300 4 1 945 2 2 495 48 16 2 1 2 12 96 6 1 4 0
0 1 168 1 4 1 6 1 2 630 3 4 1 2 23520 1 1 1 1 30 2 1 3 6 2 1 10920 24 1 4 1 540 9 2 2 36 1 336 1 546 308 4 24 1 1 1 8 18 3 1 1 77 112 4 24 2 392 2 3920 72 30 1 1 2 1 10 2 2 15120 1 1 36 1 6 6 1 2 21 2 20 1 8 50 12 24 1 2 2 8 1 4 2 30 280 1 36 2 1 0
0 8 2 1 32 1 2 28 600 8 1 1 3 30 2 1170 1 4 624 1 60 2 36 2 8 234 1 1 12 30 1 12 1 1 36 1 8 1 8 16 2 1 4 16 2860 5265 2 1 156 2 130 26 1 130 273 2 1 9594 2 1 4 2 160 1 6 1 8 9 16 4 1014 2 1 48 1 4186 1 2 28 6 15 12 2 1 1 637 208 1 2 2 12 15 2 3 32 1 6 4 0
0 1 2 54 1 840 2 1 3 1 4 48 420 2 1 3 9 2 1 342 4 1 60 1 6 9 4 1080 2 4 6 2 1 12 1 1 18 42 1 2 12 1 4 1 42 1 368 16 1 2 12 196 36 1 1 6 8 1 1008 4 3 1 2 18 384 2 4 1 1 3 4 12 384 300 4 4 8 1 20 2 120 1 1 12 1 780 1 72 4 1 30 1 36 1 4 3 32 1 0
0 1 90 4 1 12 1 20 1 6 1540 1 44 2 24 2 1 10285 2 4 1 32 1 90 1 1 6 1 2464 1 198 9 6 1 1848 21 1 2 2 1 10 1 840 8 2 4 1 8 2 896 3 1 4 2 20 2 1 4 10 1 30 5 12 1 1 384 9 2 2 464 33 4 2 48 1 1 3 1848 1 1 2 2 30 1 280 1 4 6 1 1650 1 2 3 2 440 1 1 6 0
0 1 1 1 1 1 24 21 720 12 1 108 1 144 2 1 4 2 24 76 3 100 8 1 1 1 160 12 1 1 12 1550 9 6 1 15 275 1 2 2 96 4 4 27 2 1 12 2200 6 2 1 48 1 36 1 4 4 60 1 8 240 2 1 18 80 8 2 24 1 1160 2 2 1 2 40 1 80 1 6 36 1 4250 1 4 1 32 1 2 8 1 12 3 1 576 1 1 12 60 0
0 16 1 396 48 1 2 2 1 6 24 1 8 1 84 144 3 1 2 1539 12 3 1 2 32 72 1 2 972 1 16 3 1 1 72 1 648 6 144 450 1 36 2 1 45 16 2 1 2 640 2 1 12 2 60 2 1 48 2 6 4 1 1728 1 20 3 1 1 3 135 1 2 72 12 2 3 9 18 1 4 432 1 2304 99 18 63 8 1 24 8 1 8 1134 1 4 30 1 2 0
0 1 48 3 1 3 56 2 80 1 12 1 108 1 2 9 2 1428 1 4 3 42 128 9 1 1 192 4 1 660 1 16 1 1 6 96 2 1 2 4 176 2870 6 1 1 8 320 10 40 1 720 1 2 1 4 60 6 4 2 288 1 256 1 512 2 32 1792 120 40 2 3 3 40 1 384 160 1 12 1 1 70 2 1 18 1 4 8 896 1 4 1 1120 1 16 1 192 4 5 0
0 2 1 42 22 1 6 60 1 1 1 330 2 3 36 2 1 6 2 1 6 1323 7 7 6 1 1 15 28 1 378 2 36 192 1 4 12 336 2 2 3 1 1 24080 1 2 1 9 1 1 7 6 2 3780 24 4 1 6 1 6 168 4 4536 3 1 1 112 4 1 1 3 128 1 140 4 3 1 1 3500 324 8 9 4 1 6 1 16 1 1008 2 560 1 4 1 224 1 12 1 0
0 66 24 1 28 1 6 1 2 48 2 132 1 48 108 1 24 1 8 12 108 18 1 1 14400 3 12 45 1 8 1 2 10 4 630 1 1 3 8 1 12 492 90 12 6 378 8 1 324 3 12 2 4 40 1 1 6 6642 75 2 4 1 4 600 2 16 1 2 4 4 30 1 8 180 4 1 1584 54 6 2 120 2 1 4 1 1170 1 24 3 27 1 1 3 48 1 72 1 2 0
0 3 1 12 1 490 2 1 12 1 12 1 168 1 4 30 1 24 5 1 1 9 6 20 1 16 2 4 1 174 6 620 1 2 1 100 48 2 10 24 1 2 35 6 1 1 3 1 12 1960 5 210 2 1 5280 6 240 1 8 1 48 1 2 1 192 1 8 36 960 1 30 2 1 120 1 4 1 2 6 1 1 3400 4 18 280 1 4 1 2 90 1 6 2 1 12 1 1 3 0
0 1 8 1 16 1 36 3 1 72 84 1 6 90 1 1 3 4 50 8 1 1 1 80 3 1 1 8 1 928 1 64 18 2 2 12 6 1 1 64 3 24 2 1 60 2 88 18 5 2 1 4 1 108 1 1 12 88 1 24 1 1 360 8 1 96 1 4 3 240 1 2 320 1 768 1 4 24 1 8 1 4 1280 1 1 48 1 16 4 1 6 4 800 1 6 4 96 1 0
0 1 4 6 12 18 1 2 270 1 1 1 16 1 24 2 96 14 1 2 1 4 4 1 216 4 6 36 1 12 1 18 1 1 3366 1 6 2 2 30 1 24 6 4 1 132 1 60 2 60 2 4 4 1 120 1 2 1 24 10 2 4 18 1 60 3 512 1 4 12 6 1620 2 2 2 5 6 1 54 2 3 6 6 6 1 1 24 1 54 9 12 70 1 12 1 1 6 60 0
0 12 1 4 2 10 12 70 1 8 4 16 1 4 56 6 2 1 396 70 8 24 12 4 90 2 1 3 10 2 12 2 4 36 4 2 4 70 15 6 1 1 6 5 352 1 40 1 6 1 1 120 12 2 2 96 1 328 1 1 9 96 2 16 6 1 2 45 1 4 2 2 160 3 2 10 2 6 2 1 128 1 128 60 1 4 36 1 2 4 1 2 12 800 1 8 1 4 0
0 1 16 1 1 3 36 5 1 3 1 1 24 9 2 1 6 952 1 1 12 1 4 1 7 128 1 12 2 1 36 1 192 18 2 1 108 1 2 1 10 4 1 4 1 144 1 4 4 1 16 1 4 200 1 4 2 4 10 14 4 1 1 3 8 2 14 4 120 4 1 8 1 8 1 4 1 24 1 1254 1 20 9 2 1 2 1 3 2 1 4 140 1 1 36 1 12 1 0
0 0 0 0 0 0 0 0 0 0 0 0 0 0 0 0 0 0 0 0 0 0 0 0 0 0 0 0 0 0 0 0 0 0 0 0 0 0 0 0 0 0 0 0 0 0 0 0 0 0 0 0 0 0 0 0 0 0 0 0 0 0 0 0 0 0 0 0 0 0 0 0 0 0 0 0 0 0 0 0 0 0 0 0 0 0 0 0 0 0 0 0 0 0 0 0 0 0 0
